379_Outdoor_crops_catastrophe_BestYield_noGCMcalendar_p0_wheat__RUN1USA150tg_overall_yield.asc
north: 49N
south: 26N
east: 66W
west: 124W
rows: 12
cols: 46
35.8192217945979152 30.3676132929310398 * 0 0 0 * 0 * 0 0 * 0.1280371673441091 * 0 0 0 0 0 0 0 0 0 * 0 * * * * * * * * * * 0 * * * * * * * 0 * 0 
-1.3809523771510643 * * 0 0 0 0 * * * 0 0 0 0 * 0 0 0 0 0 0 0 0 0 0 0 * 0 0 * * 0 * * * 0 * * * * * 0 0 * 0 0 
1145.619046853158352 * 17.0345528292852499 * * 0 0 0 0 * * * * * * 0 0.8071344760178643 0.0081975234588788 0 0.0028153152760375 0 0 0 0 0 0 0 0 0 * 0 0 * * 0 0 0 0 0 * * 0 * * * * 
* 1600.6666666666667425 * * 0 * * 0 0 0 * * * * 0 0 0 0 0 0.1490549818786942 18.3706519772201844 2.4144718509173706 0 0 0 0 0 0 0 * 0 0 0 * * 0.1684136966647914 0 0 81.8333333333333286 * * * * * * * 
* 1943.5198355120189717 * * * * * * * 0 0 * * 0 * 0 0 0 0 0 94.8902027767372687 32.3028176508671834 21.1561512919187393 20.7178623377489721 5.3515630436701409 5.1981196096383453 0.1713281119322456 0.6419791571267687 0.0351255898099529 0.0931583863177064 0.0323353126273658 0.0018289311580813 5.33657046340553 5.3345007621025582 4.1705113418471083 4.1686991870181354 1.1666666666666667 1.1666666666666667 139 139 * * * * * * 
* * 1393.6666666666667425 * * * * * * * * 0 * * * 0 0 0 0.7072978910367589 0.1946780511585912 38.0637816381293632 22.6373782328910522 60.3581520920675203 60.4752509842878112 52.6824657350332188 52.8376141112256121 49.5225059230449389 49.3421944545264068 33.3382847088465937 33.3642988177739994 43 36.5737127145099947 32.5232558052497254 * 18.6666666666666679 * 173.1666666666666572 173.1666666666666856 221.8333333333333428 * * * * * * * 
* * 2555.8333333333334849 3180.2432207805736653 * * * * * * * * 0 * 0 * * 0 9.7386852331960956 3.8984962230139306 63.4646130789595375 65.1424746283736482 137.2181208115375739 138.7654320766214937 91.6666666666666714 91.6666666666666714 176.2503844454767261 166.373807738992582 172.5 172.5 97.1666666666666714 97.1666666666666714 33.5 33.5 387.0578096937929899 387.0786207967449286 133 133 * * * * * * * * 
* * * 1704.4483807402261846 * * * * * * * * * * * * 0 0 24.6740606656240296 40.1027376216068561 538.0256114884250565 515.1879496844400137 255.3991769731148338 255.9935898006814909 * 207.8349904659310994 291.5400426546194694 272.0827564468274318 413.2372549016945982 413.1153137120176098 203.1666666666666856 203.1666666666666572 111 111 529.6749174562582994 528.1300755619611209 835.1666666666665151 * * * * * * * * * 
* * * * * 1923.1666666666669698 2181.3021584056173197 3387.8333333333334849 * * * * * * * * 1105.0570736416746058 515.0870567869302477 651.3475780091149545 694.8121704274881267 1060.9700140061654565 997.3333333333333712 364.4523810853763734 354.7000000794728294 324 431.7793401859487403 493.3880097533738649 487.5 577.7722086071305512 577.3732782522125717 564.1666666666666288 564.1666666666666288 771.6666666666666288 760.6456198345600797 1429.9265658525587241 * * * * * * * * * * * 
* * * * * * * * * * * * * * * * * * * 1156.9886625249371264 1042.7246390130621876 527.5256680622310341 762.4743590452889066 * 732.0068876858589419 595.3941187960108437 697.7046714183932181 697.5 * 911.4748861675246872 860.5237391502945457 918.9321942299856119 1621.508105390874789 1499 * * * * * * * * * * * * 
* * * * * * * * * * * * * * * * * * * 1306.4302808448721862 980.5188168518715202 856.9903766877023372 1011.5356012658469353 * * * * * * * * * * 2679.3207634691639214 * * * * * * * * * * * * 
* * * * * * * * * * * * * * * * * * 1739.5 1882.1666666666667425 2139.1666677920147777 * * * * * * * * * * * * 3162.5519608630406765 3582.2140890423293058 * * * * * * * * * * * 
