MAIZE_cropland.asc
north: 49N
south: 26N
east: 66W
west: 124W
rows: 12
cols: 46
0 0 * 5.1 0 0 * 0 * 0 0 * 0 * 5.8 4.7 2.3 6.3 92.099998 232.600006 94 340.799988 24.200001 * 0 * * * * * * * * * * 0 * * * * * * * 0 * 0 
0 * * 220.100006 0 0 0 * * * 0 0 4.9 0 * 1.9 180.199997 0 38.599998 115.699997 1145.5 1513 52.599998 62.099998 148.899994 23.4 17.700001 0 0 * 0 0 * * * 0 * * * * 0 0 0 * 0 0 
0 * 0.6 * * 204.899994 0 0 0 * * * * * * 0 13.4 47.900002 0 441.5 990.599976 1099.199951 2171.5 2313.899902 1801.900024 371.700012 21.1 286.799988 667.700012 * 55.099998 0 * * 0 591 381.799988 434.799988 5.9 * * 0 0 0 * * 
0 0.6 * * 4.3 * * 19.4 122.5 0 * * * * 0 63.5 603.099976 11.6 71.800003 24.700001 2594.399902 2784.100098 3193.100098 3373.600098 2840.199951 2372.5 1620.199951 2202 415.100006 * 290.100006 17.200001 65.800003 * * 74.5 55.599998 74.900002 86 2.6 0 0 * * * * 
* 0.3 * * 0 0 * * * 4.8 0 0 * 0 * 288.100006 34 813.400024 705.799988 2562.600098 3201.300049 2391.600098 2043.699951 636.799988 131.199997 1233 2329.199951 2826.899902 2974.399902 2229.899902 2046.699951 1453.300049 1081 577.400024 34.400002 38.200001 11.9 449.600006 0 30.200001 * * * * * * 
* * 0 * * * * * * * * 0 * 0 * 0 10.1 346.600006 613.5 84.300003 455 206.300003 474.600006 874 308.600006 252.699997 144.199997 2094.5 1455.199951 1027.800049 12.2 156.199997 13.8 3.5 0.7 * 219.699997 258.200012 738.299988 * * * * * * * 
* * 0 5.9 0 0 * * * * * * 7.8 * 1.8 * * 743.400024 114.099998 3.7 55.700001 24.299999 3.6 11.3 0 4.7 197.800003 1142.800049 6.9 842.599976 42.700001 0 1.6 27.1 99 22.799999 2.4 192.699997 * * * * * * * * 
* * * 0 0 * * * * * * * * * * * 49.099998 291.700012 0 141.100006 0 0 0 0 * 470.700012 57.099998 69.800003 26.1 530.799988 40.900002 0 0 0 0 726.900024 512.400024 * * * * * * * * * 
* * * * * 0 0 137.100006 * * * * * * * 0 0 0 0 0 0 2.6 0 0 0 1014.200012 1432.300049 0 4.9 9.9 6.5 3 0 198.800003 25.4 * * * * * * * * * * * 
* * * * * * * * * * 0 * * * * * * * * 0 0 185.300003 0 0 0 124 0 0 * 1.1 43.5 161 127.300003 0 * * * * * * * * * * * * 
* * * * * * * * * * * * * 0.2 * * * * * 5.4 63.400002 369.100006 19.6 * * * * * * * * * * 0 * * * * * * * * * * * * 
* * * * * * * * * 0.2 * 0 * 0.1 0 * * * 0 0 0 * * * * * * * * * * * * 0 0 * * * * * * * * * * * 
