MAIZ_yield.asc
north: 49N
south: 26N
east: 66W
west: 124W
rows: 12
cols: 46
0 0 * 9087.200195 0 0 * 0 * 0 0 * 0 * 6999.399902 7307 9439.299805 6533.200195 6456.100098 6893.200195 7289.799805 7719.600098 5997 * 0 * * * * * * * * * * 0 * * * * * * * 0 * 0 
0 * * 8275.700195 0 0 0 * * * 0 0 7508.5 0 * 6931.5 4519.100098 0 6335.700195 6511.799805 9660.599609 7374.899902 11161.900391 11030 8250.700195 5496.899902 3309.600098 0 0 * 0 0 * * * 0 * * * * 0 0 0 * 0 0 
0 * 1012.299988 * * 1012.299988 0 0 0 * * * * * * 0 5625.600098 4253.600098 0 7129 9067.5 9546.099609 10785.900391 11396.599609 11425.599609 13167.599609 9379.5 11821.299805 10249.200195 * 7734.5 0 * * 0 9320 8649.599609 9255.299805 9017.799805 * * 0 0 0 * * 
0 1012.299988 * * 1999.599976 * * 3611.399902 2683.699951 0 * * * * 0 7962.399902 10247.799805 6652.5 11359.900391 9229.900391 11959.900391 10061.799805 13338.599609 11618.700195 11323.700195 10594.5 10132.299805 10533.5 8022.600098 * 10486.799805 9617.400391 9331.099609 * * 6247 7666 5844.799805 8622.400391 1878.599976 0 0 * * * * 
* 10030.5 * * 0 0 * * * 6303 0 0 * 0 * 11934.5 4709 7603.799805 8647.400391 13165.5 11531.599609 7647.299805 9719.900391 7404.799805 6793.600098 7115.399902 10428.799805 11050.400391 10945.799805 10874.5 9647.799805 10351.700195 10070.900391 8877.200195 6169 3677.300049 3470.399902 8855.700195 0 9031 * * * * * * 
* * 0 * * * * * * * * 0 * 0 * 0 3643.600098 6459.200195 8785.900391 6796.700195 6624.200195 3117.100098 4875.5 8351.700195 8176.399902 9229.700195 6725 8328.599609 9342.200195 4401.399902 10635.099609 9841.099609 5338.200195 5080.299805 3830.600098 * 6948.799805 6566.100098 8226.400391 * * * * * * * 
* * 0 8912 0 0 * * * * * * 3129.5 * 3149.800049 * * 7409.600098 3472.100098 3308.199951 4486 3161.699951 2517.399902 7100.399902 0 5461.100098 7438.399902 9110.200195 2407.899902 8099.700195 2792.199951 0 5341.700195 11183 7809.799805 3053.800049 3402.699951 5454.100098 * * * * * * * * 
* * * 0 0 * * * * * * * * * * * 8132.5 11995.299805 0 3499.800049 0 0 0 0 * 10106.299805 9149.799805 6206.700195 8677.299805 8852.099609 6245.799805 0 0 0 0 7170.100098 7183 * * * * * * * * * 
* * * * * 0 0 11334.5 * * * * * * * 0 0 0 0 0 0 5317.899902 0 0 0 9667 7150.700195 0 2068.399902 6951.600098 6791.5 3825.899902 0 7524.700195 4658.899902 * * * * * * * * * * * 
* * * * * * * * * * 0 * * * * * * * * 0 0 3338.199951 0 0 0 5264.299805 0 0 * 5860.299805 5217.5 6353.399902 9912.299805 0 * * * * * * * * * * * * 
* * * * * * * * * * * * * 13664.200195 * * * * * 5711.5 2956.899902 4071.600098 6850.100098 * * * * * * * * * * 0 * * * * * * * * * * * * 
* * * * * * * * * 1908.5 * 0 * 2018.300049 0 * * * 0 0 0 * * * * * * * * * * * * 0 0 * * * * * * * * * * * 
