MAIZ_rainfed_cropland.asc
north: 49N
south: 26N
east: 66W
west: 124W
rows: 12
cols: 46
0 0 * 0 0 0 * 0 * 0 0 * 0 * 0 3.2 0 0.3 70.699997 220.800003 92.199997 303.899994 18.1 * 0 * * * * * * * * * * 0 * * * * * * * 0 * 0 
0 * * 0 0 0 0 * * * 0 0 1.6 0 * 0 175.600006 0 38.599998 115.699997 1094.099976 1506.099976 0.2 0.3 148.899994 22.700001 17.6 0 0 * 0 0 * * * 0 * * * * 0 0 0 * 0 0 
0 * 0.6 * * 0.6 0 0 0 * * * * * * 0 3.7 47.400002 0 429.100006 958.5 1026.800049 2168.600098 2292.699951 1791.099976 365.799988 21.1 0 664.200012 * 48.700001 0 * * 0 591 381.799988 434.799988 5.9 * * 0 0 0 * * 
0 0.6 * * 0.6 * * 0 0 0 * * * * 0 4.1 0 11.6 71.800003 2.4 388.700012 2398.800049 3191.399902 3373.600098 2840.199951 2370.899902 1619.699951 2178.899902 338.700012 * 199.100006 0.1 65.800003 * * 74.400002 55.099998 74.800003 85.900002 2.5 0 0 * * * * 
* 0.3 * * 0 0 * * * 0 0 0 * 0 * 100 27 223.899994 349.299988 220.600006 1061.5 1846.199951 1942 632.5 117.800003 1218.400024 2326.199951 2464 2935.699951 2149.800049 2032.599976 1452.900024 1078.099976 577.099976 33.599998 37.900002 11.9 448.600006 0 22.799999 * * * * * * 
* * 0 * * * * * * * * 0 * 0 * 0 10.1 0 210.899994 50.700001 321.700012 200.600006 471.899994 843.700012 306.399994 237.399994 129.899994 2076.5 1453.5 1022 0 130.600006 11.8 3.5 0.7 * 211.100006 238.5 516.599976 * * * * * * * 
* * 0 0 0 0 * * * * * * 0 * 0 * * 0 35.400002 2.5 50.299999 23 3.4 9.1 0 4.7 0 1081.099976 6.7 829.5 42.400002 0 0.8 24 94.300003 20.6 1.9 180.300003 * * * * * * * * 
* * * 0 0 * * * * * * * * * * * 20 0 0 49.799999 0 0 0 0 * 25.700001 10.6 68.900002 25.4 473.899994 40.200001 0 0 0 0 721.900024 494.600006 * * * * * * * * * 
* * * * * 0 0 0 * * * * * * * 0 0 0 0 0 0 2.6 0 0 0 307.100006 979 0 3.9 6.5 4.5 2.6 0 135.5 24.1 * * * * * * * * * * * 
* * * * * * * * * * 0 * * * * * * * * 0 0 185.100006 0 0 0 101.5 0 0 * 0 26.4 115.900002 0 0 * * * * * * * * * * * * 
* * * * * * * * * * * * * 0 * * * * * 4.8 55.799999 367.399994 16.4 * * * * * * * * * * 0 * * * * * * * * * * * * 
* * * * * * * * * 0 * 0 * 0.1 0 * * * 0 0 0 * * * * * * * * * * * * 0 0 * * * * * * * * * * * 
