MAIZ_irrigated_cropland.asc
north: 49N
south: 26N
east: 66W
west: 124W
rows: 12
cols: 46
0 0 * 5.1 0 0 * 0 * 0 0 * 0 * 5.8 1.5 2.3 6 21.4 11.8 1.8 36.900002 6.1 * 0 * * * * * * * * * * 0 * * * * * * * 0 * 0 
0 * * 220.100006 0 0 0 * * * 0 0 3.3 0 * 1.9 4.6 0 0 0 51.400002 6.9 52.400002 61.799999 0 0.7 0.1 0 0 * 0 0 * * * 0 * * * * 0 0 0 * 0 0 
0 * 0 * * 204.300003 0 0 0 * * * * * * 0 9.7 0.5 0 12.4 32.099998 72.400002 2.9 21.200001 10.8 5.9 0 286.799988 3.5 * 6.4 0 * * 0 0 0 0 0 * * 0 0 0 * * 
0 0 * * 3.7 * * 19.4 122.5 0 * * * * 0 59.400002 603.099976 0 0 22.299999 2205.699951 385.299988 1.7 0 0 1.6 0.5 23.1 76.400002 * 91 17.1 0 * * 0.1 0.5 0.1 0.1 0.1 0 0 * * * * 
* 0 * * 0 0 * * * 4.8 0 0 * 0 * 188.100006 7 589.5 356.5 2342 2139.800049 545.400024 101.699997 4.3 13.4 14.6 3 362.899994 38.700001 80.099998 14.1 0.4 2.9 0.3 0.8 0.3 0 1 0 7.4 * * * * * * 
* * 0 * * * * * * * * 0 * 0 * 0 0 346.600006 402.600006 33.599998 133.300003 5.7 2.7 30.299999 2.2 15.3 14.3 18 1.7 5.8 12.2 25.6 2 0 0 * 8.6 19.700001 221.699997 * * * * * * * 
* * 0 5.9 0 0 * * * * * * 7.8 * 1.8 * * 743.400024 78.699997 1.2 5.4 1.3 0.2 2.2 0 0 197.800003 61.700001 0.2 13.1 0.3 0 0.8 3.1 4.7 2.2 0.5 12.4 * * * * * * * * 
* * * 0 0 * * * * * * * * * * * 29.1 291.700012 0 91.300003 0 0 0 0 * 445 46.5 0.9 0.7 56.900002 0.7 0 0 0 0 5 17.799999 * * * * * * * * * 
* * * * * 0 0 137.100006 * * * * * * * 0 0 0 0 0 0 0 0 0 0 707.099976 453.299988 0 1 3.4 2 0.4 0 63.299999 1.3 * * * * * * * * * * * 
* * * * * * * * * * 0 * * * * * * * * 0 0 0.2 0 0 0 22.5 0 0 * 1.1 17.1 45.099998 127.300003 0 * * * * * * * * * * * * 
* * * * * * * * * * * * * 0.2 * * * * * 0.6 7.6 1.7 3.2 * * * * * * * * * * 0 * * * * * * * * * * * * 
* * * * * * * * * 0.2 * 0 * 0 0 * * * 0 0 0 * * * * * * * * * * * * 0 0 * * * * * * * * * * * 
