basics_15jun22/more_GRASS_scripts/universal/379_Outdoor_crops_control_D__1_noGCMcalendar_p0_maize__eitherN250_nonCLIMATE_production.asc
north: 49N
south: 26N
east: 66W
west: 124W
rows: 12
cols: 46
* * * 56169.3589496612548828 0 * * * * * * * * * 61750.282030677793955 38142.0603303909301758 25035.4994809627532959 69798.2401153087557759 685073.1959861755603924 1575517.3820590972900391 535233.4624066830147058 1604688.7703124999534339 190565.7416881561221089 * * * * * * * * * * * * * * * * * * * * * * * 
* * * 206541.8457275390683208 0 * * * * * * 0 43943.359440135951445 0 * 23703.2597025632858276 46773.719030284883047 0 283462.948794555675704 851690.817535400390625 7656676.4313552854582667 9937950.3806263916194439 452908.3731688767438754 534433.3135020016925409 1070531.3961181640625 160617.7050754428200889 137032.4029636919440236 0 0 * 0 0 * * * * * * * * * 0 0 * 0 0 
* * 39.0000015497207642 * * 2248297.2935917377471924 0 0 * * * * * * * 0 92169.3981876373291016 4751 0 94879.8370811462518759 5762905.6097839353606105 6428056.5328430170193315 8780310.0151825919747353 9391766.6872810367494822 7705541.6372726438567042 1596429.0287193297408521 100305.1818134307832224 2093008.9509155272971839 5774803.885522460564971 * 405320.4262997627374716 0 * * 0 251647.8000000000174623 3367857.69232177734375 3523358.2210815427824855 56571.5609144210829982 * * 0 * * * * 
* 34.3200013637542725 * * 43594.820570707321167 * * 219984.355674362188438 1274710.5 0 * * * * 0 719263.15835676190909 7308486.1241455078125 133947.5244049072207417 672866.5485992431640625 233618.8336705207766499 13431393.98028564453125 13306434.8453369140625 13446470.8090918064117432 14204205.8511718735098839 11516442.7620117198675871 9623746.3641757499426603 6847566.7736816396936774 9438489.5474220272153616 2625004.064599609002471 * 2185413.6401245119050145 165368.0236841887235641 386627.657931518566329 * * 395240.4081008732318878 329285.6710128784179688 441508.597988422261551 594512.5905581295955926 18135.1800127804272051 0 * * * * * 
* 38.8800015449523926 * * * * * * * 31968.9612703323364258 * * * * * 1930196.960113525390625 422379.7999999999883585 10065735.0240600593388081 4199783.900000000372529 27590165.1999999992549419 19840220.40771484375 14490310.0615234375 8938495.184118652716279 2761228.7009925842285156 491863.0088043212890625 4417145.2089904779568315 7236366.448486328125 9843514.363037109375 12318885.3851821888238192 9357457.3885711673647165 10129954.8023399356752634 7170360.8004828812554479 5609463.4341865535825491 3004453.6530831335112453 242036.3093959927500691 268172.2907955288537778 89811.6771209716825979 3393553.7660644529387355 0 227233.2750144958554301 * * * * * * 
* * 0 * * * * * * * * * * * * 0 114035.0643070220976369 4110676.0723876953125 4470067.867767333984375 373060.7830581665039062 154973.0051971435605083 70265.7820138931419933 158286.177981948829256 292003.6638000488164835 1273080.535172367002815 1065464.5760044096969068 600463.4983461380470544 7997258.7000000001862645 475478.4400214672205038 336396.3600858688587323 105691.038347625741153 1117458.8851638794876635 94467.8412281036435161 22535.7999999999992724 4635.5399210572240918 * 1357957.1404197693336755 1621205.3466476441826671 5489429.449468994513154 * * * * * * * 
* * 0 55666.5008997917175293 * * * * * * * * 54857.401341438293457 * 15291.7195949077595287 * * 7914534.019921874627471 1074264.1436431885231286 32488.0804615020751953 17777.3197994232177734 7673.2799814224244983 1520.6400415420530408 4773.1201812744138806 0 1870.5999240875244141 1369329.8611267090309411 6726490.1030258182436228 45659.1187644541278132 5566462.2028266908600926 18019.4606489539146423 0 667.8400099515915826 11198.6799596786495385 677009.9387638091575354 158659.5230017662106548 15163.5998656749725342 1126393.4137916564941406 * * * * * * * * 
* * * 0 0 * * * * * * * * * * * 412216.2234577179187909 2644027.250646973028779 0 51274.0808486938476562 0 0 0 0 * 3349029.3253463744185865 436800.0628303528064862 518142.4311377764097415 198333.2770102262438741 4046224.8257049559615552 18339.5603367567055102 0 0 0 0 5797836.03466796875 3888232.9196281433105469 * * * * * * * * * 
* * * * * * 0 1533628.0882751466706395 * * * * * * * * * 0 0 * 0 17274.3993663787841797 0 0 0 6004029.331793213263154 8601313.4258911125361919 0 30361.480586051940918 61687.4806098937988281 44072.5 20090.599409818649292 0 1478748.9539268494118005 162239.3620609283389058 * * * * * * * * * * * 
* * * * * * * * * * 0 * * * * * * * * 0 0 1352319.4445652067661285 0 0 0 908215.5 0 0 * 8079.720175123214176 311416.5002433776389807 1140993.9990264892112464 955106.4628967285389081 0 * * * * * * * * * * * * 
* * * * * * * * * * * * * 1739.2400259166956857 * * * * * 43174.4417155981063843 526936.7928657531738281 3092542.3092540740035474 151443.8374191284237895 * * * * * * * * * * * * * * * * * * * * * * * 
* * * * * * * * * 2126.2400316834450678 * 0 * 134.1400019988417682 0 * * * 0 0 0 * * * * * * * * * * * * * * * * * * * * * * * * * 
